+-----------+-------------------------------------------------------------------------------------+-------------------------------------------------------------------------------------+-----------+-----------------+---------------------+------------+---------------+------------+----------------------+------------------+------------------------+------------------+
| REGION_ID | START_KEY                                                                           | END_KEY                                                                             | LEADER_ID | LEADER_STORE_ID | PEERS               | SCATTERING | WRITTEN_BYTES | READ_BYTES | APPROXIMATE_SIZE(MB) | APPROXIMATE_KEYS | SCHEDULING_CONSTRAINTS | SCHEDULING_STATE |
+-----------+-------------------------------------------------------------------------------------+-------------------------------------------------------------------------------------+-----------+-----------------+---------------------+------------+---------------+------------+----------------------+------------------+------------------------+------------------+
|     14081 | t_90_i_4_0380000000000000070380000000000007cf03800000000000007903800000000000c471   | t_90_r_50361                                                                        |     14084 |               1 | 14082, 14083, 14084 |          0 |             0 |          0 |                   80 |           971846 |                        |                  |
|     14085 | t_90_r_50361                                                                        | t_90_r_203391                                                                       |     14088 |               1 | 14086, 14087, 14088 |          0 |             0 |          0 |                   24 |           171771 |                        |                  |
|     14057 | t_90_r_203391                                                                       | t_90_r_385219                                                                       |     14060 |               1 | 14058, 14059, 14060 |          0 |             0 |          0 |                   24 |           173028 |                        |                  |
|     14105 | t_90_r_385219                                                                       | t_90_r_800000000008e90900   (586578)                                                |     14107 |               3 | 14106, 14107, 14108 |          0 |             0 |          0 |                   28 |           201359 |                        |                  |
|     14133 | t_90_r_800000000008e90900 (586578)                                                  | t_90_r_777161                                                                       |     14136 |               1 | 14134, 14135, 14136 |          0 |             0 |          0 |                   28 |           201181 |                        |                  |
|     14141 | t_90_r_777161                                                                       | t_90_r_800000000010ae3200   (1092388)                                               |     14142 |               2 | 14142, 14143, 14144 |          0 |             0 |          0 |                   43 |           315227 |                        |                  |
|     14129 | t_90_r_800000000010ae3200                                                           | t_90_r_800000000013ac4200                                                           |     14130 |               2 | 14130, 14131, 14132 |          0 |             0 |          0 |                   24 |           171985 |                        |                  |
|      2013 | t_90_r_800000000013ac4200                                                           | t_90_r_1458104                                                                      |      2016 |               1 | 2014, 2015, 2016    |          0 |             0 |          0 |                   24 |           172897 |                        |                  |
|     14049 | t_90_r_1458104                                                                      | t_90_r_1633187                                                                      |     14051 |               3 | 14050, 14051, 14052 |          0 |             0 |          0 |                   24 |           173021 |                        |                  |
|     14093 | t_90_r_1633187                                                                      | t_90_r_1825194                                                                      |     14095 |               3 | 14094, 14095, 14096 |          0 |             0 |          0 |                   28 |           199150 |                        |                  |
|     14137 | t_90_r_1825194                                                                      | t_90_r_1993253                                                                      |     14139 |               3 | 14138, 14139, 14140 |          0 |             0 |          0 |                   24 |           170227 |                        |                  |
|     14101 | t_90_r_1993253                                                                      | t_90_r_2310869                                                                      |     14102 |               2 | 14102, 14103, 14104 |          0 |             0 |          0 |                   44 |           312899 |                        |                  |
|      2009 | t_90_r_2310869                                                                      | t_281474976710654_                                                                  |      2012 |               1 | 2010, 2011, 2012    |          0 |             0 |      10800 |                   32 |           225530 |                        |                  |
|     14045 | 72000001                                                                            | t_90_i_1_038000000000000002                                                         |     14048 |               1 | 14046, 14047, 14048 |          0 |           511 |     113861 |                   66 |           761684 |                        |                  |
|      2029 | t_90_i_1_038000000000000002                                                         | t_90_i_1_03800000000000000703800000000004cda0                                       |      2031 |               3 | 2030, 2031, 2032    |          0 |            42 |          0 |                   39 |           614400 |                        |                  |
|      2033 | t_90_i_1_03800000000000000703800000000004cda0                                       | t_90_i_2_038000000000000001038000000000235be8                                       |      2035 |               3 | 2034, 2035, 2036    |          0 |             0 |          0 |                   83 |          1310720 |                        |                  |
|     14041 | t_90_i_2_038000000000000001038000000000235be8                                       | t_90_i_2_0380000000000007b10380000000001490b800                                     |     14044 |               1 | 14042, 14043, 14044 |          0 |             0 |          0 |                   23 |           368640 |                        |                  |
|     14061 | t_90_i_2_0380000000000007b10380000000001490b800                                     | t_90_i_2_0380000000000007cc                                                         |     14062 |               2 | 14062, 14063, 14064 |          0 |             0 |          0 |                   31 |           491520 |                        |                  |
|      2037 | t_90_i_2_0380000000000007cc                                                         | t_90_i_2_0380000000000007d40380000000000fc771                                       |      2040 |               1 | 2038, 2039, 2040    |          0 |             0 |          0 |                   28 |           450560 |                        |                  |
|     14077 | t_90_i_2_0380000000000007d40380000000000fc771                                       | t_90_i_2_0380000000000007dc038000000000000ba300                                     |     14079 |               3 | 14078, 14079, 14080 |          0 |             0 |          0 |                   57 |           901120 |                        |                  |
|      2041 | t_90_i_2_0380000000000007dc038000000000000ba300                                     | t_90_i_3_03800000000000077a038000000000000001038000000000000000038000000000205425   |      2043 |               3 | 2042, 2043, 2044    |          0 |             0 |          0 |                   29 |           409600 |                        |                  |
|     14033 | t_90_i_3_03800000000000077a038000000000000001038000000000000000038000000000205425   | t_90_i_3_0380000000000007b70380000000000000070380000000000000010380000000000ea46c00 |     14035 |               3 | 14034, 14035, 14036 |          0 |             0 |          0 |                   29 |           368640 |                        |                  |
|     14021 | t_90_i_3_0380000000000007b70380000000000000070380000000000000010380000000000ea46c00 | t_90_i_3_0380000000000007cb                                                         |     14022 |               2 | 14022, 14023, 14024 |          0 |             0 |          0 |                   29 |           368640 |                        |                  |
|      2045 | t_90_i_3_0380000000000007cb                                                         | t_90_i_3_0380000000000007d5038000000000000007038000000000000000038000000000138f6e   |      2047 |               3 | 2046, 2047, 2048    |          0 |             0 |          0 |                   46 |           573440 |                        |                  |
|     14001 | t_90_i_3_0380000000000007d5038000000000000007038000000000000000038000000000138f6e   | t_90_i_4_038000000000000000                                                         |     14004 |               1 | 14002, 14003, 14004 |          0 |             0 |          0 |                   83 |          1024000 |                        |                  |
|      2049 | t_90_i_4_038000000000000000                                                         | t_90_i_4_0380000000000000010380000000000007b0038000000000000000038000000000191637   |      2052 |               1 | 2050, 2051, 2052    |          0 |             0 |          0 |                   23 |           286720 |                        |                  |
|     14013 | t_90_i_4_0380000000000000010380000000000007b0038000000000000000038000000000191637   | t_90_i_4_038000000000000004                                                         |     14014 |               2 | 14014, 14015, 14016 |          0 |            78 |          0 |                   49 |           614400 |                        |                  |
|      2053 | t_90_i_4_038000000000000004                                                         | t_90_i_4_0380000000000000070380000000000007cf03800000000000007903800000000000c471   |      2055 |               3 | 2054, 2055, 2056    |          0 |             0 |          0 |                   56 |           696320 |                        |                  |
+-----------+-------------------------------------------------------------------------------------+-------------------------------------------------------------------------------------+-----------+-----------------+---------------------+------------+---------------+------------+----------------------+------------------+------------------------+------------------+
